

---Begin Timer Report (root)---
Timer Name:          root (running)
Total Time (s):      1202
Stamps Sum:          1202
Self Time (Agg.):    0.01977


Intervals
---------
exploration ........ 507.1
skill model training  140.7
rl training ........ 551.3
logging ............ 2.837


Loop Iterations
---------------

Timer:       root

               Total    Mean     Max     Min     Num
              ------  ------  ------  ------  ------
exploration   507.11   10.14   11.10    9.90      50
skill model training  140.74    2.81    3.65    2.60      50
rl training   551.26   11.03   12.40   10.70      50
logging         2.84    0.06    0.77    0.00      49


Iter.   exploration  skill model    rl training       logging
-----       -------       -------       -------       -------
0             10.58          3.65         11.79          0.00
1              9.94          2.60         10.73          0.00
2             10.01          2.61         10.70          0.00
3              9.90          2.72         10.74          0.00
4              9.95          2.70         10.82          0.00
5              9.92          2.70         10.80          0.00
6             10.02          2.68         10.77          0.00
7             10.00          2.73         10.79          0.00
8              9.92          2.76         10.80          0.00
9              9.93          2.75         10.88          0.77
10            10.38          3.33         11.35          0.00
11            10.11          2.79         10.86          0.00
12            10.08          2.73         10.91          0.00
13             9.97          2.80         10.87          0.00
14            10.02          2.72         10.86          0.00
15            10.06          2.75         10.86          0.00
16             9.99          2.86         11.35          0.00
17            10.05          2.73         10.86          0.00
18            10.10          2.74         10.88          0.00
19            10.04          2.82         10.92          0.66
20            10.43          3.24         11.28          0.00
21            10.11          2.78         11.88          0.00
22            10.89          2.81         11.25          0.00
23            10.11          2.98         12.40          0.00
24            11.10          3.03         11.57          0.00
25            10.47          2.99         11.07          0.00
26            10.12          2.76         10.96          0.00
27            10.09          2.85         10.97          0.00
28            10.11          2.76         10.95          0.00
29            10.18          2.76         10.96          0.67
30            10.14          2.89         11.00          0.00
31            10.13          2.81         11.00          0.00
32            10.10          2.87         10.98          0.00
33            10.12          2.76         10.95          0.00
34            10.09          2.75         10.96          0.00
35            10.20          2.75         10.95          0.00
36            10.08          2.76         10.96          0.00
37            10.20          2.74         10.99          0.00
38            10.08          2.75         10.94          0.00
39            10.18          2.74         11.00          0.67
40            10.11          2.88         10.99          0.00
41            10.12          2.78         10.99          0.00
42            10.11          2.73         10.97          0.00
43            10.21          2.75         10.97          0.00
44            10.09          2.76         10.97          0.00
45            10.10          2.86         10.96          0.00
46            10.10          2.75         10.97          0.00
47            10.10          2.73         10.96          0.00
48            10.17          2.77         10.94          0.00
49            10.12          2.74         11.00              


---End Timer Report (root)---

