

---Begin Timer Report (root)---
Timer Name:          root (running)
Total Time (s):      1192
Stamps Sum:          1192
Self Time (Agg.):    0.01975


Intervals
---------
exploration ........ 501.9
skill model training  139.3
rl training ........ 538.9
logging ............ 11.45


Loop Iterations
---------------

Timer:       root

               Total    Mean     Max     Min     Num
              ------  ------  ------  ------  ------
exploration   501.92   10.04   10.50    9.88      50
skill model training  139.32    2.79    3.38    2.62      50
rl training   538.89   10.78   11.63   10.56      50
logging        11.45    0.23    2.92    0.00      49


Iter.   exploration  skill model    rl training       logging
-----       -------       -------       -------       -------
0              9.88          3.38         11.63          0.00
1              9.94          2.62         10.57          0.00
2              9.89          2.64         10.56          0.00
3              9.90          2.73         10.60          0.00
4              9.89          2.68         10.66          0.00
5              9.92          2.73         10.64          0.00
6              9.96          2.71         10.65          0.00
7              9.98          2.70         10.67          0.00
8              9.91          2.78         10.70          0.00
9              9.92          2.74         10.74          2.92
10            10.09          2.78         10.73          0.00
11            10.00          2.77         10.78          0.00
12             9.95          2.74         10.72          0.00
13            10.00          2.73         10.74          0.00
14             9.89          2.75         10.74          0.00
15            10.07          2.74         10.72          0.00
16             9.96          2.85         10.72          0.00
17             9.98          2.74         10.72          0.00
18            10.09          2.75         10.73          0.00
19             9.94          2.83         10.76          2.79
20            10.13          2.79         10.79          0.00
21            10.03          2.78         10.77          0.00
22            10.08          2.77         10.78          0.00
23            10.00          2.75         10.77          0.00
24            10.13          2.77         10.80          0.00
25            10.02          2.78         10.79          0.00
26            10.10          2.76         10.79          0.00
27            10.02          2.85         10.77          0.00
28            10.01          2.78         10.77          0.00
29            10.00          2.85         10.79          2.82
30            10.06          2.91         10.85          0.00
31            10.10          2.79         10.82          0.00
32            10.03          2.75         10.81          0.00
33            10.15          2.76         10.81          0.00
34            10.07          2.76         10.79          0.00
35            10.50          2.92         10.94          0.00
36            10.03          2.77         10.84          0.00
37            10.08          2.87         10.82          0.00
38            10.09          2.78         10.80          0.00
39            10.06          2.86         10.79          2.84
40            10.11          2.80         10.87          0.00
41            10.20          2.81         10.82          0.00
42            10.07          2.74         10.81          0.00
43            10.07          2.74         10.81          0.00
44            10.17          2.77         10.82          0.00
45            10.06          2.76         10.83          0.00
46            10.04          2.90         10.70          0.00
47            10.19          2.76         10.84          0.00
48            10.07          2.77         10.80          0.00
49            10.05          2.86         10.69              


---End Timer Report (root)---

