

---Begin Timer Report (root)---
Timer Name:          root (running)
Total Time (s):      1251
Stamps Sum:          1251
Self Time (Agg.):    0.0217


Intervals
---------
exploration ........ 511.1
skill model training  144.9
rl training ........ 556.2
logging ............ 38.97


Loop Iterations
---------------

Timer:       root

               Total    Mean     Max     Min     Num
              ------  ------  ------  ------  ------
exploration   511.12   10.22   10.60   10.06      50
skill model training  144.87    2.90    3.60    2.76      50
rl training   556.20   11.12   12.93   10.84      50
logging        38.97    0.80   10.05    0.00      49


Iter.   exploration  skill model    rl training       logging
-----       -------       -------       -------       -------
0             10.34          3.10         12.93          0.00
1             10.27          2.83         11.12          0.00
2             10.13          2.82         10.87          0.00
3             10.12          3.03         10.95          0.00
4             10.14          2.80         11.16          0.00
5             10.15          2.77         11.11          0.00
6             10.06          2.76         11.09          0.00
7             10.14          2.79         11.06          0.00
8             10.33          2.78         11.25          0.00
9             10.45          3.19         11.91         10.05
10            10.12          2.82         10.86          0.00
11            10.10          3.09         11.02          0.00
12            10.22          2.84         11.15          0.00
13            10.12          2.78         11.13          0.00
14            10.15          2.89         10.93          0.00
15            10.59          2.84         10.95          0.00
16            10.19          3.04         11.05          0.00
17            10.23          2.86         11.20          0.00
18            10.19          2.84         11.16          0.00
19            10.13          2.85         10.88          9.69
20            10.12          2.83         11.35          0.00
21            10.28          2.90         10.86          0.00
22            10.13          3.11         10.90          0.00
23            10.24          2.81         11.29          0.00
24            10.10          2.82         11.20          0.00
25            10.60          2.96         10.99          0.00
26            10.18          3.13         10.90          0.00
27            10.25          2.86         11.20          0.00
28            10.07          2.80         11.14          0.00
29            10.10          2.83         10.84          9.71
30            10.14          2.82         10.86          0.00
31            10.43          2.81         10.88          0.00
32            10.15          2.80         11.20          0.00
33            10.16          2.86         11.25          0.00
34            10.27          2.81         10.97          0.00
35            10.18          3.05         10.88          0.00
36            10.13          2.80         11.20          0.00
37            10.14          2.77         10.85          0.00
38            10.36          2.80         10.84          0.00
39            10.15          2.80         11.18          9.43
40            10.10          2.81         11.19          0.00
41            10.15          2.78         11.12          0.00
42            10.16          2.81         10.84          0.00
43            10.16          3.12         10.93          0.00
44            10.15          2.78         11.15          0.00
45            10.12          2.79         10.98          0.00
46            10.48          3.60         11.31          0.00
47            10.60          2.85         11.64          0.00
48            10.41          3.07         11.43          0.00
49            10.41          3.18         11.07              


---End Timer Report (root)---

