

---Begin Timer Report (root)---
Timer Name:          root (running)
Total Time (s):      710.8
Stamps Sum:          710.8
Self Time (Agg.):    0.01051


Intervals
---------
exploration ........ 300.7
skill model training  83.51
rl training ........ 325.1
logging ............ 1.501


Loop Iterations
---------------

Timer:       root

               Total    Mean     Max     Min     Num
              ------  ------  ------  ------  ------
exploration   300.66   10.02   10.35    9.89      30
skill model training   83.51    2.78    3.33    2.61      30
rl training   325.13   10.84   11.69   10.66      30
logging         1.50    0.05    0.74    0.00      29


Iter.   exploration  skill model    rl training       logging
-----       -------       -------       -------       -------
0              9.89          3.33         11.69          0.00
1              9.97          2.61         10.68          0.00
2              9.98          2.64         10.66          0.00
3              9.96          2.73         10.71          0.00
4              9.93          2.66         10.77          0.00
5              9.97          2.75         10.73          0.00
6             10.02          2.70         10.73          0.00
7              9.97          2.73         10.75          0.00
8              9.98          2.84         10.80          0.00
9              9.91          2.72         10.81          0.74
10            10.01          2.85         11.39          0.00
11            10.29          2.79         10.80          0.00
12            10.05          2.73         10.78          0.00
13             9.96          2.81         10.77          0.00
14            10.00          2.75         10.80          0.00
15            10.10          2.76         10.79          0.00
16            10.02          2.83         10.81          0.00
17            10.01          2.74         10.78          0.00
18            10.07          2.75         10.82          0.00
19             9.97          2.83         10.84          0.71
20            10.07          2.89         10.84          0.00
21            10.07          2.79         10.84          0.00
22            10.35          2.76         10.81          0.00
23            10.00          2.78         10.81          0.00
24            10.06          2.73         10.81          0.00
25             9.96          2.85         10.82          0.00
26            10.02          2.77         10.80          0.00
27            10.01          2.85         10.84          0.00
28            10.00          2.75         10.81          0.00
29            10.07          2.77         10.84              


---End Timer Report (root)---

