

---Begin Timer Report (root)---
Timer Name:          root (running)
Total Time (s):      727.5
Stamps Sum:          727.5
Self Time (Agg.):    0.01027


Intervals
---------
exploration ........ 301
skill model training  83.36
rl training ........ 324.5
logging ............ 18.56


Loop Iterations
---------------

Timer:       root

               Total    Mean     Max     Min     Num
              ------  ------  ------  ------  ------
exploration   301.05   10.03   11.01    9.74      30
skill model training   83.36    2.78    3.37    2.65      30
rl training   324.53   10.82   11.94   10.58      30
logging        18.56    0.64    9.27    0.00      29


Iter.   exploration  skill model    rl training       logging
-----       -------       -------       -------       -------
0              9.94          3.37         11.94          0.00
1             10.09          2.69         10.68          0.00
2             10.00          2.66         10.64          0.00
3             10.04          2.71         10.68          0.00
4              9.87          2.71         10.58          0.00
5             10.03          2.68         10.70          0.00
6              9.93          2.65         10.68          0.00
7              9.97          2.72         10.73          0.00
8              9.95          2.71         10.71          0.00
9              9.74          2.77         10.66          9.24
10             9.87          2.75         10.69          0.00
11             9.84          2.81         10.72          0.00
12             9.92          2.71         10.65          0.00
13            10.05          2.68         10.83          0.00
14            11.01          3.05         11.45          0.00
15            10.09          2.72         10.69          0.00
16            10.02          2.71         10.68          0.00
17             9.98          2.80         10.67          0.00
18            10.00          2.73         10.72          0.00
19             9.98          2.69         10.71          9.27
20             9.94          2.75         10.73          0.00
21            10.04          2.75         10.71          0.00
22             9.99          2.71         10.70          0.00
23            10.03          2.72         10.69          0.00
24             9.93          2.81         11.50          0.00
25            10.45          3.09         10.91          0.00
26            10.07          2.78         10.93          0.00
27            10.10          2.79         10.87          0.00
28            10.07          2.88         10.85          0.00
29            10.10          2.78         10.85              


---End Timer Report (root)---

