

---Begin Timer Report (root)---
Timer Name:          root (running)
Total Time (s):      1280
Stamps Sum:          1280
Self Time (Agg.):    0.02083


Intervals
---------
exploration ........ 508.2
skill model training  143.5
rl training ........ 555.3
logging ............ 73.08


Loop Iterations
---------------

Timer:       root

               Total    Mean     Max     Min     Num
              ------  ------  ------  ------  ------
exploration   508.23   10.16   10.88   10.01      50
skill model training  143.50    2.87    3.43    2.74      50
rl training   555.34   11.11   12.41   10.84      50
logging        73.08    1.49   18.64    0.00      49


Iter.   exploration  skill model    rl training       logging
-----       -------       -------       -------       -------
0             10.58          3.43         12.41          0.00
1             10.17          2.84         11.07          0.00
2             10.49          3.17         11.28          0.00
3             10.27          3.02         10.96          0.00
4             10.31          2.84         10.97          0.00
5             10.33          2.85         11.12          0.00
6             10.17          2.86         11.09          0.00
7             10.17          2.81         11.10          0.00
8             10.14          2.83         11.13          0.00
9             10.13          2.80         11.12         18.64
10            10.88          3.09         11.37          0.00
11            10.15          2.81         11.01          0.00
12            10.06          2.78         11.01          0.00
13            10.06          3.14         11.84          0.00
14            10.16          2.83         11.12          0.00
15            10.21          3.20         11.86          0.00
16            10.09          2.81         11.03          0.00
17            10.01          2.94         10.84          0.00
18            10.14          2.97         11.07          0.00
19            10.17          2.97         10.85         18.25
20            10.08          2.83         11.02          0.00
21            10.04          2.77         11.04          0.00
22            10.06          2.78         11.14          0.00
23            10.16          2.79         11.03          0.00
24            10.09          2.76         11.11          0.00
25            10.16          2.83         11.30          0.00
26            10.14          2.78         11.07          0.00
27            10.12          2.75         10.99          0.00
28            10.06          2.87         11.16          0.00
29            10.05          2.74         11.03         18.10
30            10.33          2.86         10.93          0.00
31            10.27          2.79         11.01          0.00
32            10.07          2.98         10.85          0.00
33            10.04          2.98         10.87          0.00
34            10.07          2.75         11.08          0.00
35            10.09          2.76         11.07          0.00
36            10.06          2.75         11.09          0.00
37            10.06          2.76         11.04          0.00
38            10.01          2.77         11.03          0.00
39            10.07          2.76         11.05         18.01
40            10.14          3.02         10.89          0.00
41            10.12          2.79         11.08          0.00
42            10.10          2.76         11.07          0.00
43            10.04          2.76         11.07          0.00
44            10.14          2.88         11.07          0.00
45            10.05          2.76         11.06          0.00
46            10.16          2.77         10.84          0.00
47            10.36          2.82         10.88          0.00
48            10.20          3.04         11.02          0.00
49            10.21          2.86         11.23              


---End Timer Report (root)---

