

---Begin Timer Report (root)---
Timer Name:          root (running)
Total Time (s):      1173
Stamps Sum:          1173
Self Time (Agg.):    0.02039


Intervals
---------
exploration ........ 502.4
skill model training  138.5
rl training ........ 529
logging ............ 2.821


Loop Iterations
---------------

Timer:       root

               Total    Mean     Max     Min     Num
              ------  ------  ------  ------  ------
exploration   502.37   10.05   10.46    9.86      50
skill model training  138.52    2.77    3.34    2.59      50
rl training   528.96   10.58   11.37   10.36      50
logging         2.82    0.06    0.74    0.00      49


Iter.   exploration  skill model    rl training       logging
-----       -------       -------       -------       -------
0              9.86          3.34         11.37          0.00
1              9.96          2.59         10.37          0.00
2              9.95          2.61         10.36          0.00
3              9.94          2.67         10.40          0.00
4              9.88          2.74         10.44          0.00
5              9.86          2.69         10.49          0.00
6              9.96          2.71         10.44          0.00
7              9.95          2.75         10.42          0.00
8              9.99          2.74         10.47          0.00
9              9.92          2.80         10.46          0.74
10            10.07          2.76         10.54          0.00
11            10.46          2.94         10.90          0.00
12            10.02          2.75         10.52          0.00
13            10.08          2.74         10.53          0.00
14            10.00          2.76         10.57          0.00
15            10.02          2.74         10.51          0.00
16            10.06          2.76         10.50          0.00
17            10.01          2.73         10.61          0.00
18            10.01          2.74         10.53          0.00
19            10.10          2.73         10.54          0.66
20            10.15          2.77         10.59          0.00
21            10.05          2.78         10.56          0.00
22            10.11          2.75         10.56          0.00
23            10.02          2.86         10.54          0.00
24            10.03          2.74         10.71          0.00
25            10.20          2.83         10.58          0.00
26            10.04          2.76         10.57          0.00
27            10.10          2.75         10.60          0.00
28            10.01          2.73         10.58          0.00
29            10.12          2.73         10.58          0.66
30            10.17          2.83         10.63          0.00
31            10.12          2.77         10.63          0.00
32            10.15          2.76         10.59          0.00
33            10.06          2.75         10.60          0.00
34            10.02          2.85         10.77          0.00
35            10.18          2.74         10.59          0.00
36            10.02          2.84         10.58          0.00
37            10.03          2.75         10.59          0.00
38            10.05          2.83         10.59          0.00
39            10.03          2.75         10.59          0.68
40            10.19          2.79         10.62          0.00
41            10.09          2.75         10.60          0.00
42            10.02          2.84         10.59          0.00
43            10.06          2.74         10.62          0.00
44            10.01          2.75         10.56          0.00
45            10.14          2.76         10.60          0.00
46            10.02          2.72         10.56          0.00
47            10.03          2.82         10.61          0.00
48            10.05          2.74         10.61          0.00
49            10.01          2.72         10.59              


---End Timer Report (root)---

