

---Begin Timer Report (root)---
Timer Name:          root (running)
Total Time (s):      1375
Stamps Sum:          1375
Self Time (Agg.):    0.02034


Intervals
---------
exploration ........ 507.9
skill model training  139.6
rl training ........ 550.1
logging ............ 177.1


Loop Iterations
---------------

Timer:       root

               Total    Mean     Max     Min     Num
              ------  ------  ------  ------  ------
exploration   507.87   10.16   10.90    9.81      50
skill model training  139.58    2.79    3.43    2.59      50
rl training   550.13   11.00   11.82   10.69      50
logging       177.06    3.61   44.43    0.00      49


Iter.   exploration  skill model    rl training       logging
-----       -------       -------       -------       -------
0              9.97          3.43         11.82          0.00
1              9.97          2.65         10.69          0.00
2              9.98          2.64         11.12          0.00
3             10.01          2.71         10.73          0.00
4              9.94          2.59         10.81          0.00
5             10.03          2.74         10.73          0.00
6              9.81          2.66         10.70          0.00
7              9.99          2.66         10.95          0.00
8              9.81          2.81         10.76          0.00
9              9.88          2.69         10.82         43.79
10            10.07          2.78         10.90          0.00
11             9.96          2.72         10.80          0.00
12             9.87          2.79         10.80          0.00
13            10.05          2.67         10.78          0.00
14            10.17          2.73         10.91          0.00
15             9.98          2.71         10.79          0.00
16            10.08          2.70         10.86          0.00
17             9.97          2.79         10.83          0.00
18            10.01          2.69         10.93          0.00
19            10.15          2.70         10.91         44.41
20            10.26          2.76         11.25          0.00
21            10.65          3.22         11.13          0.00
22            10.14          2.83         10.96          0.00
23            10.14          2.85         10.94          0.00
24            10.09          2.76         10.96          0.00
25            10.15          2.79         10.92          0.00
26            10.22          2.73         10.91          0.00
27            10.08          2.75         11.00          0.00
28            10.25          2.82         11.15          0.00
29            10.70          2.83         10.98         44.37
30            10.16          2.75         11.16          0.00
31            10.49          2.78         10.94          0.00
32            10.05          2.96         11.14          0.00
33            10.07          2.71         10.91          0.00
34            10.29          2.71         11.18          0.00
35            10.43          2.80         11.49          0.00
36            10.43          2.82         11.23          0.00
37            10.28          2.88         11.03          0.00
38            10.22          2.75         10.96          0.00
39            10.09          2.76         11.00         44.43
40            10.48          2.83         11.07          0.00
41            10.14          2.77         11.23          0.00
42            10.11          2.92         10.85          0.00
43            10.50          2.96         11.14          0.00
44            10.10          2.83         11.01          0.00
45            10.19          2.79         11.08          0.00
46            10.21          2.91         11.05          0.00
47            10.13          2.88         10.82          0.00
48            10.21          2.74         11.41          0.00
49            10.90          2.78         11.57              


---End Timer Report (root)---

